
0.9040476190476191 0.00485620906056454 0.9292460875156063 0.004091901400667069 0.34340088574638417 0.1877243588451982 0.27775806856375385 0.18009148766667818 0.7121777654286685 0.15478576452926573
0.8957142857142857 0.004677829215330604 0.9203836729964241 0.005897519999411336 0.14662300975860298 0.13640933377036843 0.0958983666061706 0.09283866502659623 0.37001287001287003 0.30507251815230685
0.9035714285714287 0.002714703393093176 0.9267892478840463 0.00217122965680616 0.26366486673024764 0.10086239894069254 0.1704151361823827 0.08177540481106865 0.8127450980392157 0.14995994595302614
0.9038095238095238 0.005128728387747128 0.927457160197427 0.005462012844373656 0.3033858904324198 0.1771413353514239 0.23383139795464677 0.17792321007731654 0.7489882430866037 0.14517390964023938
0.9076190476190475 0.002451340509758801 0.926914516988734 0.005267208765960459 0.38210096753012407 0.07118743475106108 0.2735943485811958 0.07747784253932051 0.6956060054437337 0.06977953050581
0.9040476190476191 0.0037343778907995397 0.9310917722733164 0.006822201562825254 0.39142180183461006 0.16521949986415863 0.3343106029013164 0.18456464663164854 0.7023037317065806 0.17242526198211802
0.898809523809524 0.004937247941268487 0.9251813386882579 0.0035769369105405385 0.22397484113129967 0.1388496963864881 0.15214362165360348 0.10710914571639846 0.5339068100358423 0.28458840948629877

0.9040476190476191 0.00485620906056454 0.9292460875156063 0.004091901400667069 0.34340088574638417 0.1877243588451982 0.27775806856375385 0.18009148766667818 0.7121777654286685 0.15478576452926573
0.8997619047619049 0.00719819831325282 0.9296132455940975 0.004555603509003285 0.29791440532261726 0.15571874014594586 0.24186157383245419 0.20502679480037458 0.6811343994203798 0.14890534770180505
0.9035714285714287 0.002714703393093176 0.9267892478840463 0.00217122965680616 0.26366486673024764 0.10086239894069254 0.1704151361823827 0.08177540481106865 0.8127450980392157 0.14995994595302614
0.9038095238095238 0.005128728387747128 0.927457160197427 0.005462012844373656 0.3033858904324198 0.1771413353514239 0.23383139795464677 0.17792321007731654 0.7489882430866037 0.14517390964023938
0.9076190476190475 0.002451340509758801 0.926914516988734 0.005267208765960459 0.38210096753012407 0.07118743475106108 0.2735943485811958 0.07747784253932051 0.6956060054437337 0.06977953050581
0.9040476190476191 0.0037343778907995397 0.9310917722733164 0.006822201562825254 0.39142180183461006 0.16521949986415863 0.3343106029013164 0.18456464663164854 0.7023037317065806 0.17242526198211802
0.9030952380952382 0.009178254889236341 0.92709671490387 0.004647934996083276 0.3541078382183988 0.1448992347312652 0.2884570046800109 0.1939908939621317 0.7097228725048274 0.13763337327289363

0.9040476190476191 0.00485620906056454 0.9292460875156063 0.004091901400667069 0.34340088574638417 0.1877243588451982 0.27775806856375385 0.18009148766667818 0.7121777654286685 0.15478576452926573
0.9135714285714286 0.006415330278717856 0.9350659972389306 0.0021389615776698494 0.42100267372752603 0.15312666597170282 0.32439041105082417 0.15439111153825438 0.767103082932079 0.10135786529355977
0.9035714285714287 0.002714703393093176 0.9267892478840463 0.00217122965680616 0.26366486673024764 0.10086239894069254 0.1704151361823827 0.08177540481106865 0.8127450980392157 0.14995994595302614
0.9038095238095238 0.005128728387747128 0.927457160197427 0.005462012844373656 0.3033858904324198 0.1771413353514239 0.23383139795464677 0.17792321007731654 0.7489882430866037 0.14517390964023938
0.9076190476190475 0.002451340509758801 0.926914516988734 0.005267208765960459 0.38210096753012407 0.07118743475106108 0.2735943485811958 0.07747784253932051 0.6956060054437337 0.06977953050581
0.9040476190476191 0.0037343778907995397 0.9310917722733164 0.006822201562825254 0.39142180183461006 0.16521949986415863 0.3343106029013164 0.18456464663164854 0.7023037317065806 0.17242526198211802
0.9154761904761906 0.005880518588204039 0.9344747423035304 0.0026381424665222635 0.47751112114819083 0.08142520012600996 0.36994109520017465 0.09438813788600477 0.7147188755057847 0.07231365996871038

